Lab3_Pseudorange_Corrections/files/codg1520.17i
     1.0            IONOSPHERE MAPS     GNSS                IONEX VERSION / TYPE
ADDNEQ2 V5.3        AIUB                05-JUN-17 23:53     PGM / RUN BY / DATE 
CODE'S GLOBAL IONOSPHERE MAPS FOR DAY 152, 2017             COMMENT             
Global ionosphere maps (GIM) are generated on a daily basis DESCRIPTION         
at CODE using data from about 300 GNSS sites of the IGS and DESCRIPTION         
other institutions. The vertical total electron content     DESCRIPTION         
(VTEC) is modeled in a solar-geomagnetic reference frame    DESCRIPTION         
using a spherical harmonics expansion up to degree and      DESCRIPTION         
order 15. Piece-wise linear functions are used for          DESCRIPTION         
representation in the time domain. The time spacing of      DESCRIPTION         
their vertices is 1 hour, conforming with the epochs of the DESCRIPTION         
VTEC maps.                                                  DESCRIPTION         
To convert line-of-sight TEC into vertical TEC, a modified  DESCRIPTION         
single-layer model mapping function approximating the JPL   DESCRIPTION         
extended slab model mapping function is adopted. The        DESCRIPTION         
mapping function is evaluated at geodetic satellite         DESCRIPTION         
elevation angles. For the computation of the ionospheric    DESCRIPTION         
pierce points, a spherical layer with a radius of 6821 km   DESCRIPTION         
is assumed, implying geocentric, not geodetic IONEX         DESCRIPTION         
latitudes.                                                  DESCRIPTION         
Instrumental biases with respect to each involved GNSS code DESCRIPTION         
observable are estimated as constant values for each        DESCRIPTION         
day. They are modeled with one set of bias parameters for   DESCRIPTION         
each satellite and each station in case of GPS and for each DESCRIPTION         
satellite-station link in case of GLONASS. The code bias    DESCRIPTION         
datum is defined by zero-mean conditions imposed on the     DESCRIPTION         
satellite bias estimates. In this file, just GPS C1W-C2W    DESCRIPTION         
satellite and station bias values are included. The         DESCRIPTION         
complete set of GNSS code bias results is provided in an    DESCRIPTION         
additional Bias-SINEX file as pseudo-absolute values        DESCRIPTION         
specific to each observable.                                DESCRIPTION         
Note: These GIM results correspond to the results for the   DESCRIPTION         
middle day of a 3-day combination analysis solving for 73   DESCRIPTION         
times 256, or 18688 VTEC parameters and 3 daily sets of     DESCRIPTION         
GNSS code bias parameters.                                  DESCRIPTION         
Contact address: code(at)aiub.unibe.ch                      DESCRIPTION         
Data archive:    ftp.unibe.ch/aiub/CODE/                    DESCRIPTION         
                 www.aiub.unibe.ch/download/CODE/           DESCRIPTION         
  2017     6     1     0     0     0                        EPOCH OF FIRST MAP  
  2017     6     2     0     0     0                        EPOCH OF LAST MAP   
  3600                                                      INTERVAL            
[...]
ftna func ganp glps glsv gmsd gode godz gol2 gold gope gras COMMENT             
graz guam guat guug harb hers hert hlfx hnlc hnpt hob2 hofn COMMENT             
holb hrao iddr ieng iisc invk iqal irkj isba ispa joz2 joze COMMENT             
karr kat1 kely kerg khar kir0 kiri kiru kit3 kokb kokv koug COMMENT             
kour krgg lama laut lhaz lmmf lpal lpgs m0se mac1 madr mag0 COMMENT             
maju mal2 mana mas1 mat1 mate maui maw1 mcil mcm4 mdo1 mdvj COMMENT             
medi mets mgue mizu mkea mnls mobj mobk mobs monp morp mqzg COMMENT             
mro1 mtka nain nano naur nico nist nium nklg nlib nnor not1 COMMENT             
novm nrc1 nril nrmd ntus nya1 nyal ohi2 ohi3 onsa opmt ous2 COMMENT             
pado parc park pbri pdel penc pert pfa2 pie1 pimo pohn pol2 COMMENT             
polv pots pove prds ptbb ptvl qaq1 quin rabt ramo recf reso COMMENT             
reun reyk rgdg rio2 riop roth salu samo sant savo sch2 scor COMMENT             
scrz sctb scub seyg sfer shao sofi spt0 ssia sthl stjo stk2 COMMENT             
str2 suth sutm sutv suwn sydn syog tabl tabv tash tehn thtg COMMENT             
thti thu2 thu3 tid1 tidb tixg tixi tlse tn22 tong tow2 tro1 COMMENT             
tsea tskb tuva twtf txes uclu ufpr ulab unbj unsa untr urum COMMENT             
usn7 usud vaco vald vill voim vtsp wab1 wab2 wark wgtn whit COMMENT             
will wsrt wtza wtzr wtzs wtzz xmis yakt yar2 yar3 yarr yell COMMENT             
ykro yssk zamb zeck zim2 zim3 zimj zimm                     COMMENT             
                                                            END OF HEADER       
[from data line 5148]
    13                                                      START OF TEC MAP    
  2017     6     1    12     0     0                        EPOCH OF CURRENT MAP
    87.5-180.0 180.0   5.0 450.0                            LAT/LON1/LON2/DLON/H
   94   94   93   93   93   92   92   92   91   91   91   90   90   90   90   89
   89   89   89   88   88   88   88   88   88   88   88   88   88   88   88   88
   88   88   89   89   89   89   89   90   90   90   91   91   91   92   92   92
   93   93   93   94   94   94   94   95   95   95   95   95   95   95   95   95
   95   95   95   95   95   95   94   94   94
    85.0-180.0 180.0   5.0 450.0                            LAT/LON1/LON2/DLON/H
   95   94   94   93   93   92   92   91   91   90   90   89   89   88   87   87
   86   86   86   85   85   85   85   85   85   85   85   85   85   85   85   86
   86   86   86   87   87   88   88   89   89   90   90   91   91   92   93   93
   94   94   95   96   96   97   97   97   98   98   98   98   98   98   98   98
   98   97   97   97   96   96   95   95   95
    82.5-180.0 180.0   5.0 450.0                            LAT/LON1/LON2/DLON/H
   93   92   92   91   91   90   90   90   89   88   88   87   87   86   85   84
   84   83   83   83   82   82   82   82   82   83   83   83   84   84   84   85
   85   86   86   86   87   87   88   88   89   90   90   91   92   92   93   94
   95   96   96   97   98   98   99   99  100  100  100  100  100   99   99   99
   98   97   97   96   95   94   94   93   93
    80.0-180.0 180.0   5.0 450.0                            LAT/LON1/LON2/DLON/H
   87   87   87   86   86   86   86   86   86   86   86   85   84   84   83   82
   81   81   80   80   80   80   81   81   82   82   83   83   84   84   85   86
   86   86   87   87   88   88   89   89   90   90   91   91   92   93   94   95
   95   96   97   98   98   99   99  100  100  100  100  100  100   99   98   97
   96   95   94   92   91   90   89   88   87
    77.5-180.0 180.0   5.0 450.0                            LAT/LON1/LON2/DLON/H
   80   79   79   79   80   81   81   82   82   83   83   82   82   81   81   80
   79   78   78   78   78   79   80   81   82   82   83   84   85   86   86   87
   88   88   88   89   89   89   90   90   90   91   91   92   92   93   94   95
   95   96   97   97   98   98   98   99   99   99   99   99   98   97   96   95
   93   91   89   87   85   83   82   80   80
    75.0-180.0 180.0   5.0 450.0                            LAT/LON1/LON2/DLON/H
   70   70   70   71   72   73   75   76   78   79   80   80   80   79   79   78
   77   77   76   77   77   78   79   81   82   83   84   85   86   87   88   88
   89   89   90   90   90   90   91   91   91   91   91   92   92   93   94   94
   95   95   95   95   95   95   96   96   96   96   96   96   96   95   94   92
   90   87   84   81   78   76   73   72   70
    72.5-180.0 180.0   5.0 450.0                            LAT/LON1/LON2/DLON/H
   62   61   61   62   63   65   68   70   73   75   76   78   78   78   77   76
   76   75   75   75   76   77   79   81   82   83   85   86   86   87   88   88
   89   90   90   90   91   91   91   91   91   91   91   91   92   92   93   93
   93   93   93   92   92   92   92   92   92   93   93   94   94   93   92   90
   87   84   80   77   73   69   66   63   62
    70.0-180.0 180.0   5.0 450.0                            LAT/LON1/LON2/DLON/H
   55   54   53   54   55   57   60   64   67   70   73   75   76   77   77   76
   75   74   74   74   75   77   78   80   82   83   84   85   85   86   86   87
   88   89   89   90   90   90   90   90   90   90   90   90   91   91   92   92
   91   91   90   89   88   87   87   87   88   89   91   92   92   92   91   90
   87   84   79   75   70   65   61   57   55
    67.5-180.0 180.0   5.0 450.0                            LAT/LON1/LON2/DLON/H
   51   49   48   48   49   50   53   56   61   65   69   72   74   76   76   75
   74   73   73   73   74   75   77   79   81   82   83   83   83   84   84   85
   86   87   88   89   89   89   89   89   89   88   89   89   90   90   91   91
   90   89   87   85   84   83   83   84   85   87   89   91   92   93   92   91
   89   85   81   76   70   64   59   55   51
    65.0-180.0 180.0   5.0 450.0                            LAT/LON1/LON2/DLON/H
   51   48   45   44   44   44   46   49   54   58   63   68   72   74   75   75
   74   73   72   72   72   74   76   77   79   80   81   81   81   82   83   84
   85   86   87   88   88   88   88   88   88   88   88   89   90   90   91   90
   89   88   85   83   82   81   81   83   85   87   89   92   93   94   95   94
   92   89   84   79   73   66   60   55   51
    62.5-180.0 180.0   5.0 450.0                            LAT/LON1/LON2/DLON/H
   53   49   45   43   41   40   40   42   46   51   57   63   68   71   73   73
   73   71   70   70   70   72   73   75   76   78   78   79   80   81   82   84
   85   86   87   88   88   88   88   88   88   89   89   90   91   91   92   91
   90   88   85   83   82   81   82   84   86   89   92   94   95   96   97   97
   95   93   89   83   77   70   64   58   53
    60.0-180.0 180.0   5.0 450.0                            LAT/LON1/LON2/DLON/H
   56   52   48   44   40   38   36   36   39   44   49   56   62   66   69   70
   70   70   69   68   68   69   71   72   74   75   77   78   80   82   84   86
   87   88   89   89   89   89   89   89   90   91   91   92   93   94   94   93
   92   90   87   85   84   84   85   88   91   93   96   97   98   98   99   99
   98   96   93   87   81   74   67   61   56
    57.5-180.0 180.0   5.0 450.0                            LAT/LON1/LON2/DLON/H
   59   55   51   47   42   38   34   33   33   37   42   48   54   59   63   66
   67   67   67   66   66   67   68   70   72   74   76   78   81   84   87   89
   91   91   91   91   91   91   91   92   93   94   95   96   97   97   97   96
   95   93   91   89   88   89   91   94   97   99  100  101  100   99   99   99
   99   98   95   90   84   76   70   64   59
    55.0-180.0 180.0   5.0 450.0                            LAT/LON1/LON2/DLON/H
   62   59   55   51   46   41   35   32   31   32   36   41   46   52   56   60
   63   64   65   65   64   65   66   67   70   72   75   79   83   87   91   94
   95   95   94   93   93   93   94   96   97   98   99  100  101  101  101  100
   99   97   95   94   94   95   97  100  103  105  105  104  101   99   98   98
   98   97   95   90   84   77   71   65   62
    52.5-180.0 180.0   5.0 450.0                            LAT/LON1/LON2/DLON/H
   63   62   60   57   52   46   40   35   32   31   32   36   40   44   49   54
   58   61   63   64   64   64   64   66   68   71   75   80   85   90   94   97
   99   98   97   96   95   96   98  100  102  104  105  105  105  105  105  104
  103  101  100   99   99  100  102  105  108  109  109  106  102   98   96   95
   96   95   93   89   83   76   70   66   63
    50.0-180.0 180.0   5.0 450.0                            LAT/LON1/LON2/DLON/H
   64   64   64   63   60   55   48   42   38   35   34   34   36   39   43   49
   55   59   62   64   64   64   64   65   67   71   75   80   85   91   96   99
  101  100   99   98   98  100  103  106  108  110  110  110  110  109  108  108
  107  106  104  103  103  104  106  108  111  112  111  107  102   97   94   93
   93   93   91   87   81   74   69   65   64
    47.5-180.0 180.0   5.0 450.0                            LAT/LON1/LON2/DLON/H
   65   67   68   69   68   64   59   53   48   44   40   38   37   37   40   46
   53   59   63   65   65   65   65   66   68   71   74   79   84   90   95   99
  100  100  100  100  102  105  109  113  116  117  117  116  115  114  113  112
  111  110  108  107  106  106  107  109  112  113  111  108  102   97   93   92
   91   91   89   85   79   73   68   65   65
    45.0-180.0 180.0   5.0 450.0                            LAT/LON1/LON2/DLON/H
   67   69   72   74   75   73   70   65   61   56   51   47   42   40   41   46
   53   60   66   68   68   67   66   67   69   71   74   78   82   88   92   96
   99  100  101  103  107  113  118  123  125  126  125  124  122  121  120  118
  117  115  113  111  109  108  108  109  111  112  112  108  103   98   94   92
   91   90   88   84   78   72   68   66   67
    42.5-180.0 180.0   5.0 450.0                            LAT/LON1/LON2/DLON/H
   69   71   74   77   80   80   79   77   74   70   65   59   52   47   46   49
   56   64   70   72   72   70   69   69   71   73   75   77   80   84   89   93
   97  100  104  109  116  123  130  136  138  138  137  135  133  131  129  127
  125  122  119  116  113  111  110  110  112  113  113  110  106  101   97   94
   92   91   88   84   78   73   69   68   69
    40.0-180.0 180.0   5.0 450.0                            LAT/LON1/LON2/DLON/H
   71   72   75   78   81   84   85   85   84   83   79   73   65   58   54   56
   62   69   75   77   76   74   73   73   74   75   77   78   79   82   86   91
   96  102  109  117  127  137  145  151  154  153  152  150  148  146  143  140
  136  132  128  124  120  117  116  115  116  117  116  115  111  106  101   97
   94   92   88   84   78   74   71   70   71
    37.5-180.0 180.0   5.0 450.0                            LAT/LON1/LON2/DLON/H
   72   72   74   76   80   84   86   89   91   92   91   86   78   70   64   64
   68   75   80   82   81   78   77   77   78   79   80   80   80   82   86   91
   98  107  116  128  141  153  163  169  172  172  170  169  167  165  162  158
  152  147  141  136  133  130  127  126  125  124  123  121  117  111  105  100
   96   92   88   83   78   75   73   72   72
    35.0-180.0 180.0   5.0 450.0                            LAT/LON1/LON2/DLON/H
   72   71   71   73   76   80   83   87   91   95   97   95   89   80   73   71
   75   80   85   87   85   82   81   81   82   84   85   84   84   85   88   95
  104  115  127  141  156  170  180  187  191  191  191  191  190  189  185  180
  173  166  159  155  151  149  147  144  141  137  134  129  124  117  110  103
   97   92   87   81   77   74   73   72   72
    32.5-180.0 180.0   5.0 450.0                            LAT/LON1/LON2/DLON/H
   70   68   68   68   71   74   77   81   86   92   98   99   95   87   80   77
   79   84   89   90   89   86   84   85   86   88   90   90   90   91   95  102
  112  125  140  156  171  185  197  204  208  211  212  214  215  214  210  204
  197  188  182  177  175  174  172  169  162  155  147  139  130  122  113  105
   98   91   85   79   74   71   70   70   70
    30.0-180.0 180.0   5.0 450.0                            LAT/LON1/LON2/DLON/H
   66   65   64   64   66   68   70   73   78   85   92   96   95   89   82   79
   80   85   90   92   91   89   87   87   89   92   95   96   97   99  103  112
  124  138  154  169  185  198  209  217  223  227  231  235  238  238  235  229
  221  213  207  204  203  204  203  197  187  174  161  148  136  125  115  106
   97   90   83   76   70   67   66   66   66
    27.5-180.0 180.0   5.0 450.0                            LAT/LON1/LON2/DLON/H
   62   62   61   62   63   64   64   65   68   75   83   89   89   85   80   77
   78   83   89   92   93   91   89   89   91   95   98  101  104  107  113  123
  136  151  166  181  195  207  218  226  233  239  246  252  257  259  257  252
  245  237  232  230  231  234  233  226  212  193  173  155  140  127  116  106
   97   90   82   74   67   62   61   61   62
    25.0-180.0 180.0   5.0 450.0                            LAT/LON1/LON2/DLON/H
   59   60   60   61   62   62   61   60   60   64   71   78   80   78   73   71
   73   79   86   91   93   92   90   90   92   96  100  105  110  115  123  134
  148  163  178  191  203  213  222  230  238  247  255  263  269  273  273  270
  264  258  254  253  256  259  259  250  233  208  183  160  142  128  116  106
   98   91   83   74   65   59   56   57   59
    22.5-180.0 180.0   5.0 450.0                            LAT/LON1/LON2/DLON/H
   57   59   61   62   63   63   61   58   56   57   61   66   69   68   65   63
   66   72   81   88   92   92   91   90   91   95  101  108  114  122  132  144
  159  174  187  199  209  217  224  232  240  250  259  268  275  280  282  281
  278  273  270  270  273  277  277  267  247  218  188  162  142  127  116  107
  100   94   87   77   67   59   54   54   57
    20.0-180.0 180.0   5.0 450.0                            LAT/LON1/LON2/DLON/H
   57   60   62   64   66   66   64   60   55   53   54   56   58   58   56   55
   58   66   75   84   90   91   90   89   90   95  102  110  118  128  139  153
  168  183  196  206  214  221  226  233  241  251  260  268  275  281  284  285
  284  281  279  279  282  286  285  274  252  221  189  161  140  126  115  108
  103   98   92   83   72   62   56   55   57
    17.5-180.0 180.0   5.0 450.0                            LAT/LON1/LON2/DLON/H
   59   61   63   65   67   68   67   63   57   53   50   50   51   51   49   49
   52   60   70   80   87   90   89   88   90   95  103  112  122  133  147  161
  177  191  204  214  221  226  231  237  244  251  259  265  271  276  280  283
  284  282  280  280  282  284  283  272  250  218  186  158  137  124  115  109
  106  103   99   91   80   68   61   58   59
    15.0-180.0 180.0   5.0 450.0                            LAT/LON1/LON2/DLON/H
   62   63   63   64   65   67   67   65   60   55   50   48   47   47   46   46
   49   56   66   78   85   89   89   89   91   97  106  116  127  140  154  169
  185  199  212  222  229  235  239  244  249  254  258  262  264  268  272  276
  278  278  276  274  274  275  273  262  241  211  180  153  134  122  114  110
  108  106  104   98   88   77   68   63   62
    12.5-180.0 180.0   5.0 450.0                            LAT/LON1/LON2/DLON/H
   65   63   61   60   60   62   64   65   62   57   52   48   47   47   46   46
   48   54   65   76   84   89   90   91   94  101  111  122  134  147  161  177
  192  207  220  231  239  245  250  254  257  260  260  259  258  260  263  267
  269  269  267  264  262  261  258  248  229  202  173  149  131  120  113  109
  107  107  106  102   94   84   75   69   65
    10.0-180.0 180.0   5.0 450.0                            LAT/LON1/LON2/DLON/H
   67   62   57   53   51   53   57   60   61   57   53   50   49   49   49   48
   49   55   65   76   85   89   91   94   99  108  119  131  143  155  169  183
  198  213  226  239  248  256  261  265  267  266  262  257  253  252  254  257
  259  258  256  252  249  247  243  234  217  193  167  144  128  117  110  106
  103  103  103  102   97   90   81   74   67
     7.5-180.0 180.0   5.0 450.0                            LAT/LON1/LON2/DLON/H
   68   59   51   45   41   42   47   52   56   55   53   51   51   52   52   51
   51   56   66   77   86   91   94   98  105  115  127  139  151  163  175  189
  202  216  230  243  254  263  270  274  275  272  264  256  249  246  246  247
  248  247  245  241  237  233  229  220  206  185  162  141  125  114  106  100
   97   96   97   98   96   92   84   76   68
     5.0-180.0 180.0   5.0 450.0                            LAT/LON1/LON2/DLON/H
   66   56   46   38   32   32   36   42   48   50   50   50   52   54   54   53
   53   57   67   78   87   93   96  102  110  122  135  147  158  168  179  191
  203  216  229  242  254  264  272  277  278  273  264  253  244  239  238  238
  237  236  234  231  228  223  217  209  196  178  157  137  121  109  100   93
   88   86   87   89   91   89   84   76   66
     2.5-180.0 180.0   5.0 450.0                            LAT/LON1/LON2/DLON/H
   64   53   43   34   27   25   27   33   39   43   45   47   51   53   54   52
   52   57   67   79   89   95   99  105  115  127  140  151  161  169  179  189
  200  211  223  235  246  256  265  272  273  268  257  246  237  232  230  228
  226  225  224  223  220  215  208  199  187  170  150  132  116  104   94   86
   80   76   77   79   82   83   80   73   64
