Lab3_Pseudorange_Corrections/files/codg1520.17i
     1.0            IONOSPHERE MAPS     GNSS                IONEX VERSION / TYPE
ADDNEQ2 V5.3        AIUB                05-JUN-17 23:53     PGM / RUN BY / DATE 
CODE'S GLOBAL IONOSPHERE MAPS FOR DAY 152, 2017             COMMENT             
Global ionosphere maps (GIM) are generated on a daily basis DESCRIPTION         
at CODE using data from about 300 GNSS sites of the IGS and DESCRIPTION         
other institutions. The vertical total electron content     DESCRIPTION         
(VTEC) is modeled in a solar-geomagnetic reference frame    DESCRIPTION         
using a spherical harmonics expansion up to degree and      DESCRIPTION         
order 15. Piece-wise linear functions are used for          DESCRIPTION         
representation in the time domain. The time spacing of      DESCRIPTION         
their vertices is 1 hour, conforming with the epochs of the DESCRIPTION         
VTEC maps.                                                  DESCRIPTION         
To convert line-of-sight TEC into vertical TEC, a modified  DESCRIPTION         
single-layer model mapping function approximating the JPL   DESCRIPTION         
extended slab model mapping function is adopted. The        DESCRIPTION         
mapping function is evaluated at geodetic satellite         DESCRIPTION         
elevation angles. For the computation of the ionospheric    DESCRIPTION         
pierce points, a spherical layer with a radius of 6821 km   DESCRIPTION         
is assumed, implying geocentric, not geodetic IONEX         DESCRIPTION         
latitudes.                                                  DESCRIPTION         
Instrumental biases with respect to each involved GNSS code DESCRIPTION         
observable are estimated as constant values for each        DESCRIPTION         
day. They are modeled with one set of bias parameters for   DESCRIPTION         
each satellite and each station in case of GPS and for each DESCRIPTION         
satellite-station link in case of GLONASS. The code bias    DESCRIPTION         
datum is defined by zero-mean conditions imposed on the     DESCRIPTION         
satellite bias estimates. In this file, just GPS C1W-C2W    DESCRIPTION         
satellite and station bias values are included. The         DESCRIPTION         
complete set of GNSS code bias results is provided in an    DESCRIPTION         
additional Bias-SINEX file as pseudo-absolute values        DESCRIPTION         
specific to each observable.                                DESCRIPTION         
Note: These GIM results correspond to the results for the   DESCRIPTION         
middle day of a 3-day combination analysis solving for 73   DESCRIPTION         
times 256, or 18688 VTEC parameters and 3 daily sets of     DESCRIPTION         
GNSS code bias parameters.                                  DESCRIPTION         
Contact address: code(at)aiub.unibe.ch                      DESCRIPTION         
Data archive:    ftp.unibe.ch/aiub/CODE/                    DESCRIPTION         
                 www.aiub.unibe.ch/download/CODE/           DESCRIPTION         
  2017     6     1     0     0     0                        EPOCH OF FIRST MAP  
  2017     6     2     0     0     0                        EPOCH OF LAST MAP   
  3600                                                      INTERVAL            
[...]
ftna func ganp glps glsv gmsd gode godz gol2 gold gope gras COMMENT             
graz guam guat guug harb hers hert hlfx hnlc hnpt hob2 hofn COMMENT             
holb hrao iddr ieng iisc invk iqal irkj isba ispa joz2 joze COMMENT             
karr kat1 kely kerg khar kir0 kiri kiru kit3 kokb kokv koug COMMENT             
kour krgg lama laut lhaz lmmf lpal lpgs m0se mac1 madr mag0 COMMENT             
maju mal2 mana mas1 mat1 mate maui maw1 mcil mcm4 mdo1 mdvj COMMENT             
medi mets mgue mizu mkea mnls mobj mobk mobs monp morp mqzg COMMENT             
mro1 mtka nain nano naur nico nist nium nklg nlib nnor not1 COMMENT             
novm nrc1 nril nrmd ntus nya1 nyal ohi2 ohi3 onsa opmt ous2 COMMENT             
pado parc park pbri pdel penc pert pfa2 pie1 pimo pohn pol2 COMMENT             
polv pots pove prds ptbb ptvl qaq1 quin rabt ramo recf reso COMMENT             
reun reyk rgdg rio2 riop roth salu samo sant savo sch2 scor COMMENT             
scrz sctb scub seyg sfer shao sofi spt0 ssia sthl stjo stk2 COMMENT             
str2 suth sutm sutv suwn sydn syog tabl tabv tash tehn thtg COMMENT             
thti thu2 thu3 tid1 tidb tixg tixi tlse tn22 tong tow2 tro1 COMMENT             
tsea tskb tuva twtf txes uclu ufpr ulab unbj unsa untr urum COMMENT             
usn7 usud vaco vald vill voim vtsp wab1 wab2 wark wgtn whit COMMENT             
will wsrt wtza wtzr wtzs wtzz xmis yakt yar2 yar3 yarr yell COMMENT             
ykro yssk zamb zeck zim2 zim3 zimj zimm                     COMMENT             
                                                            END OF HEADER       
[from data line 5577]
    14                                                      START OF TEC MAP    
  2017     6     1    13     0     0                        EPOCH OF CURRENT MAP
    87.5-180.0 180.0   5.0 450.0                            LAT/LON1/LON2/DLON/H
   96   95   95   95   94   94   94   93   93   93   92   92   92   92   91   91
   91   91   91   91   91   91   91   91   91   91   91   91   91   91   92   92
   92   92   93   93   93   94   94   94   95   95   96   96   96   97   97   97
   97   98   98   98   98   99   99   99   99   99   99   99   99   99   99   98
   98   98   98   97   97   97   96   96   96
    85.0-180.0 180.0   5.0 450.0                            LAT/LON1/LON2/DLON/H
   95   94   94   93   93   92   92   91   91   90   90   89   89   89   88   88
   88   87   87   87   87   87   87   87   87   87   88   88   88   89   89   90
   90   91   91   92   93   93   94   94   95   95   96   96   97   98   98   99
   99   99  100  100  101  101  101  101  102  102  102  102  101  101  101  100
  100   99   99   98   97   97   96   95   95
    82.5-180.0 180.0   5.0 450.0                            LAT/LON1/LON2/DLON/H
   91   90   90   89   89   89   88   88   88   88   87   87   87   86   86   86
   85   85   85   85   85   85   85   85   85   86   86   87   87   88   88   89
   90   90   91   92   93   93   94   95   95   96   96   97   97   98   98   99
   99  100  100  101  101  102  102  102  102  103  102  102  102  101  101  100
   99   98   97   96   95   94   93   92   91
    80.0-180.0 180.0   5.0 450.0                            LAT/LON1/LON2/DLON/H
   85   84   84   84   84   84   84   85   85   85   85   85   85   85   84   84
   84   84   84   84   84   84   84   85   85   85   86   87   87   88   89   89
   90   91   92   93   94   94   95   95   96   96   97   97   97   97   98   98
   98   99   99   99  100  100  100  101  101  101  101  101  100  100   98   97
   96   94   93   91   89   88   87   86   85
    77.5-180.0 180.0   5.0 450.0                            LAT/LON1/LON2/DLON/H
   76   76   76   77   78   79   80   81   82   83   83   84   84   84   84   84
   84   84   84   84   84   84   85   85   86   86   87   87   88   89   89   90
   91   92   93   94   94   95   96   96   96   96   96   96   96   96   96   96
   96   96   96   96   96   97   97   97   98   98   98   98   97   96   95   93
   91   89   86   84   82   80   78   77   76
    75.0-180.0 180.0   5.0 450.0                            LAT/LON1/LON2/DLON/H
   68   68   69   70   71   73   75   77   79   81   82   83   84   84   84   84
   84   84   84   84   85   86   86   87   87   88   88   88   89   89   90   90
   91   92   93   94   94   95   95   95   95   95   95   95   94   94   94   93
   93   92   92   92   92   92   92   93   93   94   94   94   93   92   90   88
   85   82   79   76   74   71   70   68   68
    72.5-180.0 180.0   5.0 450.0                            LAT/LON1/LON2/DLON/H
   60   61   62   63   65   68   71   74   76   79   81   82   83   84   84   84
   84   84   84   85   86   87   87   88   88   89   89   88   88   88   89   89
   90   91   91   92   93   93   93   93   93   93   93   92   92   91   91   90
   89   88   88   87   87   87   87   88   89   90   90   90   90   89   87   84
   81   78   74   70   67   64   62   61   60
    70.0-180.0 180.0   5.0 450.0                            LAT/LON1/LON2/DLON/H
   56   56   56   58   60   63   66   70   73   77   80   82   83   83   84   83
   83   83   84   85   86   87   88   88   89   89   88   87   87   86   86   87
   87   88   89   89   90   90   90   90   90   90   90   89   89   89   88   87
   86   85   84   84   83   83   83   84   85   86   87   88   88   87   85   83
   79   75   71   67   63   60   58   56   56
    67.5-180.0 180.0   5.0 450.0                            LAT/LON1/LON2/DLON/H
   54   53   53   54   56   58   61   65   70   74   77   80   82   82   82   82
   82   82   83   84   85   86   87   88   88   87   87   86   85   84   84   84
   84   85   86   86   86   86   86   86   86   86   87   87   87   86   86   85
   85   84   83   82   81   81   81   82   84   85   87   88   88   88   86   83
   80   75   71   66   62   59   56   55   54
    65.0-180.0 180.0   5.0 450.0                            LAT/LON1/LON2/DLON/H
   54   53   52   51   52   53   56   60   65   70   74   77   79   80   81   80
   80   80   80   81   82   84   85   86   86   85   84   83   82   82   82   82
   82   83   84   84   84   83   83   83   83   84   84   85   85   85   85   85
   84   83   83   82   81   81   81   82   84   86   88   89   90   90   88   86
   82   78   73   68   64   60   58   56   54
    62.5-180.0 180.0   5.0 450.0                            LAT/LON1/LON2/DLON/H
   55   53   51   49   48   48   50   54   59   64   69   73   76   77   78   78
   77   77   78   78   79   81   82   83   83   83   83   82   81   81   81   82
   83   83   84   83   83   82   82   82   83   83   84   85   86   86   86   86
   86   85   84   84   83   83   84   85   87   89   90   92   93   93   92   89
   85   80   75   70   66   63   60   58   55
    60.0-180.0 180.0   5.0 450.0                            LAT/LON1/LON2/DLON/H
   57   54   51   47   45   43   44   47   52   57   63   67   71   73   74   74
   75   75   75   76   76   77   78   79   80   81   81   82   82   82   83   84
   86   86   86   86   85   84   83   83   84   85   87   88   88   88   88   88
   88   88   87   87   87   87   88   89   91   92   94   95   96   95   94   92
   88   83   77   72   68   64   62   59   57
    57.5-180.0 180.0   5.0 450.0                            LAT/LON1/LON2/DLON/H
   58   55   51   46   42   39   39   41   45   51   56   61   65   68   70   71
   72   73   73   73   74   74   75   76   77   79   81   82   84   86   87   89
   90   91   91   90   88   87   87   87   89   90   91   92   92   92   92   92
   92   92   92   91   92   92   93   94   95   96   97   98   97   97   95   93
   89   84   78   72   68   64   62   60   58
    55.0-180.0 180.0   5.0 450.0                            LAT/LON1/LON2/DLON/H
   58   56   51   46   41   38   36   38   41   46   51   56   60   63   66   68
   70   71   72   72   72   72   72   73   75   78   81   84   87   90   92   94
   96   97   96   95   93   92   92   93   94   96   97   98   97   97   96   96
   95   96   96   96   96   96   97   98   99  100  100   99   98   96   94   92
   88   83   77   71   66   63   61   60   58
    52.5-180.0 180.0   5.0 450.0                            LAT/LON1/LON2/DLON/H
   59   57   53   48   44   40   38   38   40   44   48   52   56   59   62   66
   69   71   73   72   71   71   70   72   74   78   82   86   90   93   96   99
  101  102  101  100   99   98   98   99  101  103  104  104  103  101  100  100
  100  100  100  100  100  100  101  102  103  102  101   99   96   94   92   89
   85   80   74   68   64   61   60   59   59
    50.0-180.0 180.0   5.0 450.0                            LAT/LON1/LON2/DLON/H
   60   59   57   53   49   45   43   42   43   46   48   51   54   57   61   65
   69   73   74   74   73   71   70   71   74   78   83   88   92   95   99  102
  104  105  105  104  103  103  104  105  107  109  109  109  107  106  105  104
  104  104  104  104  103  103  104  105  105  104  101   97   94   91   88   86
   82   78   72   66   62   59   59   59   60
    47.5-180.0 180.0   5.0 450.0                            LAT/LON1/LON2/DLON/H
   62   63   62   60   57   54   52   51   51   51   52   54   56   58   62   66
   71   75   77   77   75   73   72   72   75   79   84   88   92   96   99  102
  104  106  107  107  108  109  110  112  113  114  114  113  112  110  109  109
  109  109  108  107  106  106  107  108  108  106  102   96   91   88   85   83
   80   75   70   65   61   60   60   61   62
    45.0-180.0 180.0   5.0 450.0                            LAT/LON1/LON2/DLON/H
   66   67   68   67   66   65   63   62   61   60   60   60   61   63   66   70
   75   79   81   81   78   76   74   75   77   80   84   88   91   94   97  100
  103  105  108  110  113  115  117  119  119  119  118  117  116  115  115  115
  115  115  113  112  111  110  111  112  111  108  103   96   90   86   83   81
   79   75   70   65   63   62   63   65   66
    42.5-180.0 180.0   5.0 450.0                            LAT/LON1/LON2/DLON/H
   71   72   73   74   75   75   74   72   71   70   70   70   70   71   73   77
   80   84   86   85   83   80   78   78   80   82   85   88   90   93   95   98
  102  106  111  116  120  124  127  128  128  126  124  123  122  122  123  123
  123  122  120  119  117  117  117  118  116  112  105   97   90   86   83   81
   79   75   71   67   66   66   68   70   71
    40.0-180.0 180.0   5.0 450.0                            LAT/LON1/LON2/DLON/H
   76   76   77   79   80   82   82   81   80   79   79   80   81   82   83   85
   88   90   91   90   87   84   82   82   83   85   87   89   91   93   95   98
  103  109  117  124  131  137  140  141  139  136  133  131  131  132  133  133
  133  132  130  128  127  127  127  126  124  118  110  101   93   88   85   82
   80   76   72   70   69   71   73   75   76
    37.5-180.0 180.0   5.0 450.0                            LAT/LON1/LON2/DLON/H
   78   78   78   80   82   84   85   85   85   85   87   89   91   92   93   94
   95   96   96   95   92   89   87   87   88   89   91   92   93   95   98  102
  109  117  127  137  147  154  158  158  155  151  147  144  144  146  147  147
  146  145  143  142  142  141  141  139  134  126  116  105   97   91   88   85
   81   77   73   71   72   74   77   78   78
    35.0-180.0 180.0   5.0 450.0                            LAT/LON1/LON2/DLON/H
   77   76   76   77   80   82   84   84   85   87   91   96  100  102  103  103
  103  103  102  100   97   94   92   92   92   94   95   96   98  101  105  110
  118  129  141  154  165  174  178  178  175  169  164  162  162  163  164  163
  162  160  160  160  160  160  158  153  145  134  122  110  102   96   91   87
   82   77   72   71   72   74   77   78   77
    32.5-180.0 180.0   5.0 450.0                            LAT/LON1/LON2/DLON/H
   73   71   71   72   74   77   78   79   81   85   91   98  104  108  109  110
  110  109  108  105  102   99   97   96   97   98  100  102  105  109  115  122
  132  145  159  173  185  194  199  199  196  191  186  183  183  183  184  182
  180  179  179  181  182  182  177  169  156  142  127  115  106  100   95   89
   83   76   71   68   69   71   74   74   73
    30.0-180.0 180.0   5.0 450.0                            LAT/LON1/LON2/DLON/H
   67   65   64   65   67   70   71   72   74   79   86   95  103  109  112  113
  114  113  112  109  105  102  100   99  100  101  104  108  113  119  127  136
  148  162  177  191  203  212  217  219  217  212  208  205  205  205  205  203
  200  199  200  203  205  204  196  183  166  147  131  118  109  103   97   91
   83   74   68   64   64   66   67   68   67
    27.5-180.0 180.0   5.0 450.0                            LAT/LON1/LON2/DLON/H
   60   59   59   60   62   64   64   65   66   70   78   88   97  104  109  113
  115  115  115  112  108  104  102  101  101  103  107  113  120  129  139  150
  163  178  192  205  216  224  230  233  233  231  229  227  226  227  225  223
  220  219  221  225  227  224  212  194  172  150  132  119  110  104   98   91
   82   73   66   61   59   59   60   61   60
    25.0-180.0 180.0   5.0 450.0                            LAT/LON1/LON2/DLON/H
   55   55   55   57   59   60   60   59   60   62   69   78   87   95  102  108
  112  115  116  113  109  105  102  101  101  104  109  117  126  137  149  162
  176  191  205  215  223  230  236  241  244  245  245  244  245  245  244  241
  238  238  241  245  245  239  223  199  173  149  130  117  110  104   98   91
   82   74   66   59   55   53   53   54   55
    22.5-180.0 180.0   5.0 450.0                            LAT/LON1/LON2/DLON/H
   51   53   54   56   59   60   59   57   56   56   60   67   75   84   92  100
  107  112  114  113  109  104  101   99  100  104  110  119  131  143  157  172
  187  202  213  221  226  230  236  243  249  253  255  257  258  259  258  257
  254  254  256  259  257  247  227  199  170  145  126  115  108  103   97   90
   83   75   68   61   55   50   49   50   51
    20.0-180.0 180.0   5.0 450.0                            LAT/LON1/LON2/DLON/H
   50   53   55   57   60   62   61   58   55   53   54   57   64   72   81   91
  100  108  111  111  107  102   98   97   99  103  111  122  135  149  164  179
  195  209  219  224  225  227  232  240  249  256  260  263  265  268  269  268
  266  265  266  266  262  248  224  194  163  138  121  111  105  100   95   89
   84   79   73   66   58   52   49   49   50
    17.5-180.0 180.0   5.0 450.0                            LAT/LON1/LON2/DLON/H
   52   54   56   58   61   63   63   60   56   52   50   51   55   62   71   82
   93  102  107  108  104  100   96   96   99  104  113  125  139  154  170  186
  202  216  224  226  225  225  229  238  248  256  261  265  268  271  274  274
  273  271  269  267  259  242  216  185  155  132  117  108  102   97   92   87
   84   82   79   73   65   57   52   51   52
    15.0-180.0 180.0   5.0 450.0                            LAT/LON1/LON2/DLON/H
   54   54   55   57   60   63   63   62   58   54   49   48   49   55   64   75
   87   97  103  104  102   98   95   96  100  108  118  131  146  161  177  193
  209  222  229  230  228  227  231  238  247  255  260  264  267  271  274  275
  274  270  267  261  250  232  205  175  148  127  114  106  100   93   88   85
   84   85   85   81   73   65   58   55   54
    12.5-180.0 180.0   5.0 450.0                            LAT/LON1/LON2/DLON/H
   56   54   53   53   55   58   60   61   59   55   50   47   47   51   60   71
   83   93  100  102  100   97   96   98  105  114  127  141  155  170  186  202
  217  230  236  237  235  235  238  244  251  256  259  261  264  268  271  272
  270  265  258  250  238  219  193  166  142  124  113  105   97   90   84   81
   82   86   89   87   81   73   65   60   56
    10.0-180.0 180.0   5.0 450.0                            LAT/LON1/LON2/DLON/H
   57   51   47   46   47   50   53   56   57   55   51   48   47   51   58   69
   80   91   98  101  100   98   99  103  111  124  138  153  167  181  195  211
  226  238  244  246  246  247  251  255  258  259  258  258  259  262  265  265
  261  254  246  236  223  205  183  159  138  123  113  104   95   86   80   77
   79   84   89   90   86   79   71   63   57
     7.5-180.0 180.0   5.0 450.0                            LAT/LON1/LON2/DLON/H
   56   48   41   38   37   40   44   48   51   53   51   49   48   51   58   68
   79   90   98  101  102  101  103  109  120  134  150  165  179  192  204  218
  232  244  251  255  258  262  266  268  267  263  258  255  254  254  255  254
  249  241  231  221  209  193  174  154  137  123  113  103   92   83   75   72
   74   79   85   88   87   82   74   65   56
     5.0-180.0 180.0   5.0 450.0                            LAT/LON1/LON2/DLON/H
   54   44   36   30   28   29   33   38   44   48   50   49   48   51   58   68
   79   90   98  103  105  106  109  116  128  144  161  177  189  200  210  222
  235  246  254  260  267  274  280  280  274  266  257  250  246  244  243  240
  234  225  216  206  196  183  167  150  135  123  111  100   89   79   72   68
   68   73   78   83   84   81   74   65   54
     2.5-180.0 180.0   5.0 450.0                            LAT/LON1/LON2/DLON/H
   53   42   33   26   22   22   24   30   37   43   46   46   47   50   56   66
   78   90  100  106  109  111  114  122  135  152  169  183  194  202  211  221
  231  241  249  258  268  279  285  284  276  264  253  243  237  232  228  223
  217  208  200  192  183  173  160  146  132  119  107   96   84   75   69   65
   64   66   70   75   78   77   72   64   53
