Lab3_Pseudorange_Corrections/files/codg1520.17i
     1.0            IONOSPHERE MAPS     GNSS                IONEX VERSION / TYPE
ADDNEQ2 V5.3        AIUB                05-JUN-17 23:53     PGM / RUN BY / DATE 
CODE'S GLOBAL IONOSPHERE MAPS FOR DAY 152, 2017             COMMENT             
Global ionosphere maps (GIM) are generated on a daily basis DESCRIPTION         
at CODE using data from about 300 GNSS sites of the IGS and DESCRIPTION         
other institutions. The vertical total electron content     DESCRIPTION         
(VTEC) is modeled in a solar-geomagnetic reference frame    DESCRIPTION         
using a spherical harmonics expansion up to degree and      DESCRIPTION         
order 15. Piece-wise linear functions are used for          DESCRIPTION         
representation in the time domain. The time spacing of      DESCRIPTION         
their vertices is 1 hour, conforming with the epochs of the DESCRIPTION         
VTEC maps.                                                  DESCRIPTION         
To convert line-of-sight TEC into vertical TEC, a modified  DESCRIPTION         
single-layer model mapping function approximating the JPL   DESCRIPTION         
extended slab model mapping function is adopted. The        DESCRIPTION         
mapping function is evaluated at geodetic satellite         DESCRIPTION         
elevation angles. For the computation of the ionospheric    DESCRIPTION         
pierce points, a spherical layer with a radius of 6821 km   DESCRIPTION         
is assumed, implying geocentric, not geodetic IONEX         DESCRIPTION         
latitudes.                                                  DESCRIPTION         
Instrumental biases with respect to each involved GNSS code DESCRIPTION         
observable are estimated as constant values for each        DESCRIPTION         
day. They are modeled with one set of bias parameters for   DESCRIPTION         
each satellite and each station in case of GPS and for each DESCRIPTION         
satellite-station link in case of GLONASS. The code bias    DESCRIPTION         
datum is defined by zero-mean conditions imposed on the     DESCRIPTION         
satellite bias estimates. In this file, just GPS C1W-C2W    DESCRIPTION         
satellite and station bias values are included. The         DESCRIPTION         
complete set of GNSS code bias results is provided in an    DESCRIPTION         
additional Bias-SINEX file as pseudo-absolute values        DESCRIPTION         
specific to each observable.                                DESCRIPTION         
Note: These GIM results correspond to the results for the   DESCRIPTION         
middle day of a 3-day combination analysis solving for 73   DESCRIPTION         
times 256, or 18688 VTEC parameters and 3 daily sets of     DESCRIPTION         
GNSS code bias parameters.                                  DESCRIPTION         
Contact address: code(at)aiub.unibe.ch                      DESCRIPTION         
Data archive:    ftp.unibe.ch/aiub/CODE/                    DESCRIPTION         
                 www.aiub.unibe.ch/download/CODE/           DESCRIPTION         
  2017     6     1     0     0     0                        EPOCH OF FIRST MAP  
  2017     6     2     0     0     0                        EPOCH OF LAST MAP   
  3600                                                      INTERVAL            
[...]
ftna func ganp glps glsv gmsd gode godz gol2 gold gope gras COMMENT             
graz guam guat guug harb hers hert hlfx hnlc hnpt hob2 hofn COMMENT             
holb hrao iddr ieng iisc invk iqal irkj isba ispa joz2 joze COMMENT             
karr kat1 kely kerg khar kir0 kiri kiru kit3 kokb kokv koug COMMENT             
kour krgg lama laut lhaz lmmf lpal lpgs m0se mac1 madr mag0 COMMENT             
maju mal2 mana mas1 mat1 mate maui maw1 mcil mcm4 mdo1 mdvj COMMENT             
medi mets mgue mizu mkea mnls mobj mobk mobs monp morp mqzg COMMENT             
mro1 mtka nain nano naur nico nist nium nklg nlib nnor not1 COMMENT             
novm nrc1 nril nrmd ntus nya1 nyal ohi2 ohi3 onsa opmt ous2 COMMENT             
pado parc park pbri pdel penc pert pfa2 pie1 pimo pohn pol2 COMMENT             
polv pots pove prds ptbb ptvl qaq1 quin rabt ramo recf reso COMMENT             
reun reyk rgdg rio2 riop roth salu samo sant savo sch2 scor COMMENT             
scrz sctb scub seyg sfer shao sofi spt0 ssia sthl stjo stk2 COMMENT             
str2 suth sutm sutv suwn sydn syog tabl tabv tash tehn thtg COMMENT             
thti thu2 thu3 tid1 tidb tixg tixi tlse tn22 tong tow2 tro1 COMMENT             
tsea tskb tuva twtf txes uclu ufpr ulab unbj unsa untr urum COMMENT             
usn7 usud vaco vald vill voim vtsp wab1 wab2 wark wgtn whit COMMENT             
will wsrt wtza wtzr wtzs wtzz xmis yakt yar2 yar3 yarr yell COMMENT             
ykro yssk zamb zeck zim2 zim3 zimj zimm                     COMMENT             
                                                            END OF HEADER       
[from data line 1716]
     5                                                      START OF TEC MAP    
  2017     6     1     4     0     0                        EPOCH OF CURRENT MAP
    87.5-180.0 180.0   5.0 450.0                            LAT/LON1/LON2/DLON/H
   89   89   89   89   90   90   90   90   91   91   91   91   91   91   91   91
   91   91   91   90   90   90   90   89   89   89   88   88   88   87   87   86
   86   86   85   85   85   85   84   84   84   84   84   84   84   84   84   84
   84   84   84   84   84   84   84   84   85   85   85   85   85   86   86   86
   86   87   87   87   87   88   88   88   89
    85.0-180.0 180.0   5.0 450.0                            LAT/LON1/LON2/DLON/H
   88   89   89   90   90   91   91   92   92   93   93   93   93   93   93   93
   93   93   93   92   92   91   91   90   89   89   88   87   86   85   85   84
   83   82   82   81   81   80   80   80   80   80   80   80   80   80   80   81
   81   81   81   82   82   82   82   83   83   83   83   83   84   84   84   85
   85   85   86   86   86   87   87   88   88
    82.5-180.0 180.0   5.0 450.0                            LAT/LON1/LON2/DLON/H
   88   88   89   90   90   91   91   92   92   92   93   93   93   93   93   93
   93   93   93   92   92   91   90   89   88   87   86   85   83   82   81   80
   79   78   77   77   76   76   76   76   76   76   77   77   78   78   79   79
   80   80   81   81   82   82   82   82   82   83   83   83   83   83   83   84
   84   84   84   85   85   86   86   87   88
    80.0-180.0 180.0   5.0 450.0                            LAT/LON1/LON2/DLON/H
   87   87   88   89   89   90   90   91   91   91   91   91   91   90   90   90
   90   90   90   90   90   89   88   87   86   84   82   81   79   77   76   75
   74   73   73   73   73   73   73   73   74   74   75   76   77   78   79   80
   81   82   83   83   83   84   84   84   84   83   83   83   83   83   83   84
   84   84   84   84   85   85   85   86   87
    77.5-180.0 180.0   5.0 450.0                            LAT/LON1/LON2/DLON/H
   86   87   87   88   89   89   89   89   89   89   88   87   86   86   85   85
   85   86   86   86   86   86   85   84   82   80   78   76   74   72   71   70
   70   69   70   70   70   71   71   72   73   74   75   77   78   80   81   83
   84   85   86   87   87   87   86   86   85   85   85   84   84   84   84   85
   85   85   85   85   85   85   85   85   86
    75.0-180.0 180.0   5.0 450.0                            LAT/LON1/LON2/DLON/H
   86   86   87   87   88   89   89   88   88   86   84   83   81   80   79   78
   79   79   80   81   82   82   81   80   78   75   72   70   68   66   66   65
   66   67   68   69   70   71   72   72   73   75   76   78   80   82   85   87
   88   89   90   90   90   89   89   88   87   86   85   85   85   86   86   86
   86   87   87   86   86   86   85   85   86
    72.5-180.0 180.0   5.0 450.0                            LAT/LON1/LON2/DLON/H
   85   85   86   87   88   88   89   88   87   84   82   79   76   74   72   71
   72   73   74   76   77   78   77   75   73   70   67   64   62   60   60   61
   63   64   67   68   70   71   72   73   74   76   77   80   82   85   88   90
   92   93   94   94   93   91   90   88   87   86   85   85   86   86   87   88
   88   89   89   88   88   87   86   85   85
    70.0-180.0 180.0   5.0 450.0                            LAT/LON1/LON2/DLON/H
   85   84   85   86   87   88   88   88   86   83   80   76   72   69   67   66
   66   67   69   71   73   73   73   71   68   64   61   57   55   55   55   57
   60   63   66   68   70   72   73   74   75   76   78   81   84   87   90   93
   95   96   96   95   94   91   89   87   86   84   84   84   85   86   87   89
   90   91   91   90   89   88   87   85   85
    67.5-180.0 180.0   5.0 450.0                            LAT/LON1/LON2/DLON/H
   84   84   84   84   86   87   87   87   86   83   79   75   71   67   64   62
   62   63   65   67   69   69   68   66   62   58   54   51   49   49   50   53
   57   61   64   67   70   71   72   73   74   75   78   81   84   88   92   95
   97   97   97   95   92   90   87   85   83   82   82   82   83   85   87   89
   90   91   92   91   91   89   87   85   84
    65.0-180.0 180.0   5.0 450.0                            LAT/LON1/LON2/DLON/H
   85   83   83   83   84   85   86   86   85   83   79   75   71   67   63   61
   60   61   62   63   64   64   63   60   56   51   47   44   43   43   45   49
   53   57   61   64   66   68   69   70   72   74   76   80   84   89   92   95
   97   97   95   93   90   87   84   82   81   81   81   81   82   84   85   87
   89   91   92   92   91   90   88   86   85
    62.5-180.0 180.0   5.0 450.0                            LAT/LON1/LON2/DLON/H
   87   85   84   83   83   84   84   84   84   82   80   77   73   69   66   63
   61   60   60   60   59   58   56   52   48   44   40   38   37   38   40   44
   48   52   56   59   61   63   65   67   69   72   76   80   84   89   93   95
   96   95   93   90   87   84   82   81   81   81   81   81   82   83   84   85
   87   89   90   92   92   92   91   89   87
    60.0-180.0 180.0   5.0 450.0                            LAT/LON1/LON2/DLON/H
   92   89   87   86   85   84   84   83   83   82   81   79   76   74   70   67
   64   61   59   56   54   51   48   44   40   37   34   32   32   33   36   40
   43   46   49   52   54   57   60   63   67   71   76   81   85   90   93   95
   95   94   92   88   86   83   82   82   83   83   84   84   84   83   83   84
   85   86   89   91   93   94   94   93   92
    57.5-180.0 180.0   5.0 450.0                            LAT/LON1/LON2/DLON/H
   99   97   94   92   90   87   85   84   83   82   82   81   80   78   75   72
   67   62   58   53   48   44   40   36   33   30   29   28   29   31   33   36
   38   40   42   44   47   51   56   62   68   73   79   84   88   92   95   96
   96   94   92   89   86   85   85   86   87   89   89   88   87   85   84   83
   83   84   87   91   95   98  100  100   99
    55.0-180.0 180.0   5.0 450.0                            LAT/LON1/LON2/DLON/H
  108  106  104  102   98   95   91   88   85   84   84   84   84   83   80   76
   70   64   57   50   44   38   34   30   28   26   26   27   28   30   32   34
   35   35   36   39   42   48   55   64   72   79   84   89   92   95   98   99
   99   97   95   92   90   89   90   92   94   95   95   94   91   88   85   83
   82   83   86   91   97  102  106  108  108
    52.5-180.0 180.0   5.0 450.0                            LAT/LON1/LON2/DLON/H
  116  116  115  113  110  106  101   96   91   89   88   88   88   87   84   79
   73   65   57   48   41   35   30   27   26   25   26   28   30   32   33   33
   33   33   33   35   40   48   58   69   79   87   92   96   98  100  102  103
  104  103  101   98   97   96   97   99  101  102  101   99   96   92   88   85
   83   84   87   92   99  106  111  114  116
    50.0-180.0 180.0   5.0 450.0                            LAT/LON1/LON2/DLON/H
  121  123  124  124  123  119  114  107  101   96   94   92   92   90   87   82
   75   67   58   49   41   35   31   28   27   28   29   31   33   35   35   35
   34   33   33   35   41   51   63   76   88   96  101  104  105  106  108  110
  111  111  109  107  105  105  105  106  106  106  105  102   98   95   91   88
   86   86   89   94  101  108  114  119  121
    47.5-180.0 180.0   5.0 450.0                            LAT/LON1/LON2/DLON/H
  122  125  129  132  133  131  127  120  112  106  101   98   96   93   89   83
   76   68   60   52   44   39   35   33   32   33   34   36   38   39   39   38
   36   35   35   38   45   56   70   85   97  106  111  112  112  112  114  117
  119  120  119  117  115  113  112  111  110  108  105  102   99   96   93   91
   90   90   92   96  102  109  114  119  122
    45.0-180.0 180.0   5.0 450.0                            LAT/LON1/LON2/DLON/H
  118  122  127  133  138  139  137  131  123  115  109  104  100   96   90   84
   78   71   63   56   50   46   43   41   40   40   41   41   42   43   42   41
   40   39   39   43   50   62   77   92  106  115  119  119  118  119  121  124
  128  130  129  127  124  121  117  114  111  108  104  100   98   96   96   95
   95   96   97   99  103  108  112  115  118
    42.5-180.0 180.0   5.0 450.0                            LAT/LON1/LON2/DLON/H
  110  113  119  128  136  141  141  137  130  123  117  111  105   99   93   86
   80   74   68   63   58   55   52   50   49   47   47   46   46   46   45   44
   44   43   44   48   55   66   81   97  110  120  124  125  124  125  127  131
  136  138  138  136  132  127  122  117  112  107  102   98   96   96   98  100
  101  102  102  103  104  107  108  109  110
    40.0-180.0 180.0   5.0 450.0                            LAT/LON1/LON2/DLON/H
  102  103  108  117  127  135  138  137  133  127  122  116  110  103   96   89
   83   77   73   69   66   63   61   59   56   54   52   50   49   48   48   47
   47   47   48   52   58   68   82   97  112  122  128  129  129  130  133  137
  142  144  144  141  137  132  127  121  115  109  103   99   97   98  101  105
  107  108  108  107  107  107  106  104  102
    37.5-180.0 180.0   5.0 450.0                            LAT/LON1/LON2/DLON/H
   99   97   98  105  114  123  129  131  130  127  124  120  115  108  101   93
   86   81   77   74   71   70   68   65   62   58   54   52   50   49   49   48
   49   49   51   54   59   67   79   94  109  121  128  132  133  135  138  142
  145  147  147  145  141  137  132  127  121  115  109  104  102  102  106  111
  115  116  116  114  113  112  109  104   99
    35.0-180.0 180.0   5.0 450.0                            LAT/LON1/LON2/DLON/H
  105   98   94   96  102  109  116  120  122  123  123  122  119  113  106   97
   90   84   79   76   74   73   71   68   64   60   56   53   51   50   49   49
   49   51   52   54   58   64   74   88  103  117  127  133  136  138  141  144
  146  147  147  146  144  143  140  137  133  128  122  116  113  112  115  119
  123  125  125  124  123  122  119  113  105
    32.5-180.0 180.0   5.0 450.0                            LAT/LON1/LON2/DLON/H
  121  110  100   95   95   98  103  108  112  117  120  123  122  118  111  102
   93   85   80   76   74   73   72   69   65   60   56   53   52   51   50   49
   49   50   52   53   55   59   67   80   95  111  124  132  137  140  143  144
  145  145  145  145  147  149  151  151  150  146  141  135  130  127  127  130
  133  135  136  136  137  138  137  131  121
    30.0-180.0 180.0   5.0 450.0                            LAT/LON1/LON2/DLON/H
  148  133  117  104   97   95   96  100  105  111  118  123  124  121  114  104
   94   85   78   73   72   71   71   69   65   60   56   54   53   52   51   49
   49   49   50   51   52   55   60   71   87  104  119  130  136  140  142  143
  142  142  142  146  151  158  164  167  169  168  164  158  151  146  143  144
  145  147  149  152  156  160  162  158  148
    27.5-180.0 180.0   5.0 450.0                            LAT/LON1/LON2/DLON/H
  181  164  143  124  109  101   99  100  105  111  117  123  125  123  116  105
   93   82   73   69   67   68   69   68   64   60   57   55   54   53   52   50
   48   48   48   49   49   50   54   64   78   95  112  124  132  137  139  140
  139  139  141  147  156  167  177  184  188  189  186  181  174  167  162  159
  159  161  164  168  175  184  189  189  181
    25.0-180.0 180.0   5.0 450.0                            LAT/LON1/LON2/DLON/H
  214  199  176  152  132  118  112  110  112  116  121  125  127  124  116  104
   90   77   68   63   63   65   67   68   65   62   58   57   56   55   53   50
   47   46   46   46   46   47   49   56   69   86  103  116  126  131  134  136
  136  137  141  150  162  177  189  198  203  206  205  201  195  187  180  176
  174  175  179  185  195  206  216  220  214
    22.5-180.0 180.0   5.0 450.0                            LAT/LON1/LON2/DLON/H
  243  230  209  184  161  144  134  130  128  128  129  130  128  124  114  101
   86   73   63   59   59   63   67   69   68   64   61   59   58   57   54   49
   45   43   42   43   43   43   44   49   60   76   92  106  117  124  128  132
  134  137  143  154  169  185  198  207  213  216  217  216  212  205  198  192
  189  190  194  202  212  225  237  245  243
    20.0-180.0 180.0   5.0 450.0                            LAT/LON1/LON2/DLON/H
  262  254  237  214  192  174  163  156  151  146  141  136  131  123  111   97
   82   68   59   56   57   63   69   72   71   67   63   60   58   56   53   47
   42   39   38   39   40   39   39   42   51   65   81   95  107  115  122  128
  133  139  147  159  175  191  204  212  216  219  222  223  223  219  213  207
  204  204  208  216  226  238  251  260  262
    17.5-180.0 180.0   5.0 450.0                            LAT/LON1/LON2/DLON/H
  271  268  257  239  220  204  192  184  176  166  155  144  133  122  109   94
   78   66   58   55   58   64   71   75   74   69   64   60   57   54   50   44
   38   34   33   34   35   34   34   36   42   55   70   84   97  107  117  126
  134  142  152  165  181  196  208  214  216  218  221  225  229  229  225  220
  217  218  222  228  236  246  256  266  271
    15.0-180.0 180.0   5.0 450.0                            LAT/LON1/LON2/DLON/H
  271  273  268  256  242  229  218  209  198  184  167  151  136  122  107   92
   77   66   58   56   59   66   73   77   76   70   64   58   54   50   45   39
   33   29   28   28   29   29   28   29   35   46   61   76   89  101  113  125
  136  147  157  170  185  199  209  214  215  215  219  225  231  235  234  231
  229  230  234  239  244  250  256  264  271
    12.5-180.0 180.0   5.0 450.0                            LAT/LON1/LON2/DLON/H
  266  272  272  267  257  246  237  227  214  197  176  155  137  121  106   91
   78   68   62   60   62   68   74   77   75   69   61   54   49   45   39   33
   28   24   22   23   24   24   23   24   29   40   54   70   84   98  111  125
  139  151  162  174  188  202  212  216  216  216  219  226  233  239  240  239
  238  240  244  248  251  252  254  259  266
    10.0-180.0 180.0   5.0 450.0                            LAT/LON1/LON2/DLON/H
  262  269  274  272  266  256  247  237  223  203  180  156  136  120  105   93
   81   73   67   64   65   69   73   75   72   65   57   50   44   39   34   28
   23   20   19   19   20   20   19   20   25   36   51   68   83   97  111  126
  141  154  165  177  190  204  215  221  223  222  224  230  237  243  245  245
  245  247  252  256  258  256  255  257  262
     7.5-180.0 180.0   5.0 450.0                            LAT/LON1/LON2/DLON/H
  263  270  276  276  270  261  250  238  223  202  177  153  133  117  105   94
   85   78   72   69   67   68   70   70   67   60   52   45   39   34   29   24
   21   18   17   17   17   18   17   19   24   35   51   68   84   98  112  127
  142  155  167  178  192  207  221  230  234  235  236  238  242  246  247  247
  248  251  257  262  265  263  260  259  263
     5.0-180.0 180.0   5.0 450.0                            LAT/LON1/LON2/DLON/H
  270  276  281  281  274  262  248  234  218  196  171  147  127  113  103   95
   88   82   77   72   69   67   66   64   60   54   47   41   36   31   26   23
   20   19   18   17   17   18   18   19   25   36   52   69   85   99  113  127
  142  155  167  178  193  209  226  240  248  251  251  249  249  248  247  246
  247  251  258  266  272  273  270  268  270
     2.5-180.0 180.0   5.0 450.0                            LAT/LON1/LON2/DLON/H
  282  286  288  286  276  261  244  228  210  187  162  138  120  108  101   95
   89   84   79   74   69   65   61   58   54   49   44   39   35   30   26   23
   22   21   21   20   19   19   19   21   26   37   53   70   86   99  112  126
  140  153  165  177  192  210  230  248  261  266  265  259  253  248  244  241
  241  246  255  266  276  281  282  281  282
