Lab3_Pseudorange_Corrections/files/codg1520.17i
     1.0            IONOSPHERE MAPS     GNSS                IONEX VERSION / TYPE
ADDNEQ2 V5.3        AIUB                05-JUN-17 23:53     PGM / RUN BY / DATE 
CODE'S GLOBAL IONOSPHERE MAPS FOR DAY 152, 2017             COMMENT             
Global ionosphere maps (GIM) are generated on a daily basis DESCRIPTION         
at CODE using data from about 300 GNSS sites of the IGS and DESCRIPTION         
other institutions. The vertical total electron content     DESCRIPTION         
(VTEC) is modeled in a solar-geomagnetic reference frame    DESCRIPTION         
using a spherical harmonics expansion up to degree and      DESCRIPTION         
order 15. Piece-wise linear functions are used for          DESCRIPTION         
representation in the time domain. The time spacing of      DESCRIPTION         
their vertices is 1 hour, conforming with the epochs of the DESCRIPTION         
VTEC maps.                                                  DESCRIPTION         
To convert line-of-sight TEC into vertical TEC, a modified  DESCRIPTION         
single-layer model mapping function approximating the JPL   DESCRIPTION         
extended slab model mapping function is adopted. The        DESCRIPTION         
mapping function is evaluated at geodetic satellite         DESCRIPTION         
elevation angles. For the computation of the ionospheric    DESCRIPTION         
pierce points, a spherical layer with a radius of 6821 km   DESCRIPTION         
is assumed, implying geocentric, not geodetic IONEX         DESCRIPTION         
latitudes.                                                  DESCRIPTION         
Instrumental biases with respect to each involved GNSS code DESCRIPTION         
observable are estimated as constant values for each        DESCRIPTION         
day. They are modeled with one set of bias parameters for   DESCRIPTION         
each satellite and each station in case of GPS and for each DESCRIPTION         
satellite-station link in case of GLONASS. The code bias    DESCRIPTION         
datum is defined by zero-mean conditions imposed on the     DESCRIPTION         
satellite bias estimates. In this file, just GPS C1W-C2W    DESCRIPTION         
satellite and station bias values are included. The         DESCRIPTION         
complete set of GNSS code bias results is provided in an    DESCRIPTION         
additional Bias-SINEX file as pseudo-absolute values        DESCRIPTION         
specific to each observable.                                DESCRIPTION         
Note: These GIM results correspond to the results for the   DESCRIPTION         
middle day of a 3-day combination analysis solving for 73   DESCRIPTION         
times 256, or 18688 VTEC parameters and 3 daily sets of     DESCRIPTION         
GNSS code bias parameters.                                  DESCRIPTION         
Contact address: code(at)aiub.unibe.ch                      DESCRIPTION         
Data archive:    ftp.unibe.ch/aiub/CODE/                    DESCRIPTION         
                 www.aiub.unibe.ch/download/CODE/           DESCRIPTION         
  2017     6     1     0     0     0                        EPOCH OF FIRST MAP  
  2017     6     2     0     0     0                        EPOCH OF LAST MAP   
  3600                                                      INTERVAL            
[...]
ftna func ganp glps glsv gmsd gode godz gol2 gold gope gras COMMENT             
graz guam guat guug harb hers hert hlfx hnlc hnpt hob2 hofn COMMENT             
holb hrao iddr ieng iisc invk iqal irkj isba ispa joz2 joze COMMENT             
karr kat1 kely kerg khar kir0 kiri kiru kit3 kokb kokv koug COMMENT             
kour krgg lama laut lhaz lmmf lpal lpgs m0se mac1 madr mag0 COMMENT             
maju mal2 mana mas1 mat1 mate maui maw1 mcil mcm4 mdo1 mdvj COMMENT             
medi mets mgue mizu mkea mnls mobj mobk mobs monp morp mqzg COMMENT             
mro1 mtka nain nano naur nico nist nium nklg nlib nnor not1 COMMENT             
novm nrc1 nril nrmd ntus nya1 nyal ohi2 ohi3 onsa opmt ous2 COMMENT             
pado parc park pbri pdel penc pert pfa2 pie1 pimo pohn pol2 COMMENT             
polv pots pove prds ptbb ptvl qaq1 quin rabt ramo recf reso COMMENT             
reun reyk rgdg rio2 riop roth salu samo sant savo sch2 scor COMMENT             
scrz sctb scub seyg sfer shao sofi spt0 ssia sthl stjo stk2 COMMENT             
str2 suth sutm sutv suwn sydn syog tabl tabv tash tehn thtg COMMENT             
thti thu2 thu3 tid1 tidb tixg tixi tlse tn22 tong tow2 tro1 COMMENT             
tsea tskb tuva twtf txes uclu ufpr ulab unbj unsa untr urum COMMENT             
usn7 usud vaco vald vill voim vtsp wab1 wab2 wark wgtn whit COMMENT             
will wsrt wtza wtzr wtzs wtzz xmis yakt yar2 yar3 yarr yell COMMENT             
ykro yssk zamb zeck zim2 zim3 zimj zimm                     COMMENT             
                                                            END OF HEADER       
[from data line 4290]
    11                                                      START OF TEC MAP    
  2017     6     1    10     0     0                        EPOCH OF CURRENT MAP
    87.5-180.0 180.0   5.0 450.0                            LAT/LON1/LON2/DLON/H
   85   85   85   85   85   85   85   85   85   85   85   86   86   86   86   86
   86   86   86   86   86   86   85   85   85   85   85   85   85   85   85   85
   85   84   84   84   84   84   84   84   84   84   84   84   84   84   84   84
   84   84   84   84   84   84   84   84   84   84   84   84   84   84   84   84
   84   84   84   84   84   84   84   84   85
    85.0-180.0 180.0   5.0 450.0                            LAT/LON1/LON2/DLON/H
   84   85   85   85   85   86   86   86   86   86   87   87   87   87   87   87
   87   87   87   87   87   87   87   87   86   86   86   86   86   86   86   85
   85   85   85   85   85   84   84   84   84   84   84   84   84   84   84   84
   84   84   85   85   85   85   85   85   85   85   85   85   85   85   85   85
   84   84   84   84   84   84   84   84   84
    82.5-180.0 180.0   5.0 450.0                            LAT/LON1/LON2/DLON/H
   83   84   84   84   85   85   85   86   86   87   87   87   87   87   87   87
   87   87   87   87   87   87   87   87   87   87   87   87   87   86   86   86
   86   86   86   86   86   85   85   85   85   85   85   85   85   85   86   86
   86   87   87   87   88   88   88   88   88   88   88   88   87   87   86   86
   85   85   85   84   84   84   83   83   83
    80.0-180.0 180.0   5.0 450.0                            LAT/LON1/LON2/DLON/H
   81   81   81   81   82   83   83   84   85   85   86   86   86   86   86   86
   86   86   86   86   86   86   86   86   86   86   86   86   86   86   87   87
   87   87   87   87   87   86   86   86   86   86   86   86   87   87   88   88
   89   90   91   91   92   92   92   92   92   92   91   91   90   89   88   88
   87   86   85   84   83   82   82   81   81
    77.5-180.0 180.0   5.0 450.0                            LAT/LON1/LON2/DLON/H
   77   77   76   77   77   78   79   80   81   82   83   83   83   84   84   83
   83   83   83   83   83   83   83   83   83   83   84   84   84   85   85   86
   86   87   87   87   87   87   87   87   87   87   87   87   88   89   90   91
   92   93   94   95   95   96   96   96   95   95   94   93   92   91   90   89
   88   86   85   83   82   80   79   78   77
    75.0-180.0 180.0   5.0 450.0                            LAT/LON1/LON2/DLON/H
   72   71   70   70   71   72   73   74   76   77   78   79   79   79   79   79
   79   79   79   79   79   79   80   80   80   80   80   81   81   82   83   84
   85   86   87   87   88   88   88   88   88   88   88   88   89   90   91   93
   94   95   96   97   98   98   98   97   96   96   95   94   93   92   91   90
   89   87   85   83   81   78   76   74   72
    72.5-180.0 180.0   5.0 450.0                            LAT/LON1/LON2/DLON/H
   68   65   64   63   63   64   65   67   69   70   72   73   74   74   74   74
   75   75   75   75   76   76   76   76   76   76   76   77   77   78   80   81
   82   84   85   86   87   88   88   88   88   88   88   89   90   91   92   93
   95   96   97   97   97   97   97   96   95   94   93   92   92   91   91   90
   89   88   86   84   81   78   74   71   68
    70.0-180.0 180.0   5.0 450.0                            LAT/LON1/LON2/DLON/H
   64   60   58   56   55   56   57   59   61   63   65   66   68   68   69   69
   70   70   71   71   72   72   73   73   73   72   72   73   73   74   76   78
   79   81   83   85   86   87   88   88   89   89   89   90   90   91   92   93
   94   95   96   95   95   94   93   92   90   89   89   88   88   89   89   90
   90   90   88   86   83   78   74   69   64
    67.5-180.0 180.0   5.0 450.0                            LAT/LON1/LON2/DLON/H
   64   58   54   51   49   49   49   51   53   55   58   60   61   62   63   64
   65   66   67   68   69   69   70   70   69   69   69   69   70   71   73   75
   77   79   81   83   85   87   88   89   90   90   91   91   92   92   93   93
   94   94   93   92   91   89   88   86   84   84   83   83   84   86   87   89
   90   91   91   89   86   81   76   70   64
    65.0-180.0 180.0   5.0 450.0                            LAT/LON1/LON2/DLON/H
   66   59   53   48   45   44   43   44   46   48   50   52   54   56   58   59
   60   61   63   64   65   66   67   67   67   67   67   67   68   70   72   74
   76   78   81   83   85   87   89   91   92   93   94   94   94   94   94   94
   94   93   91   90   87   85   83   81   80   79   79   80   81   83   86   88
   91   92   93   92   90   85   80   73   66
    62.5-180.0 180.0   5.0 450.0                            LAT/LON1/LON2/DLON/H
   70   62   55   49   44   41   40   39   40   42   43   46   48   50   52   53
   55   56   58   60   61   62   63   64   64   65   65   66   68   70   72   75
   77   79   81   83   86   89   92   94   96   98   98   98   98   98   97   96
   95   93   91   89   86   83   81   79   78   77   77   78   80   82   85   88
   90   93   94   95   93   90   85   78   70
    60.0-180.0 180.0   5.0 450.0                            LAT/LON1/LON2/DLON/H
   77   69   61   53   47   42   39   37   36   36   37   39   41   43   45   47
   49   51   53   55   57   58   60   61   62   63   64   66   69   72   75   77
   79   81   83   85   88   92   96   99  102  104  104  104  104  103  101  100
   98   96   93   90   87   85   82   81   80   80   80   81   82   84   85   87
   89   92   94   96   96   94   90   84   77
    57.5-180.0 180.0   5.0 450.0                            LAT/LON1/LON2/DLON/H
   84   77   68   60   53   46   41   37   35   33   33   34   35   36   38   40
   42   44   47   49   52   54   56   58   59   61   63   66   70   74   78   81
   83   85   87   89   92   97  102  106  110  111  112  111  110  108  106  105
  103  100   98   95   92   90   88   87   86   86   86   87   87   87   87   87
   88   89   92   94   96   97   95   91   84
    55.0-180.0 180.0   5.0 450.0                            LAT/LON1/LON2/DLON/H
   91   84   76   68   60   53   46   40   36   33   31   30   30   30   31   33
   35   38   40   43   47   50   53   55   57   59   62   66   71   76   81   85
   87   89   91   94   98  104  110  115  118  120  120  118  116  114  112  110
  108  106  104  102  100   97   96   95   94   95   95   95   94   92   90   88
   86   86   88   92   95   98   98   96   91
    52.5-180.0 180.0   5.0 450.0                            LAT/LON1/LON2/DLON/H
   96   91   84   76   68   61   53   46   41   36   32   29   27   26   26   27
   29   32   35   39   43   47   50   53   55   58   61   66   71   77   83   88
   91   93   96  100  105  112  119  125  128  129  128  125  123  120  118  116
  114  113  111  109  107  105  104  103  103  103  103  102  101   97   93   88
   85   83   84   88   93   97   99   99   96
    50.0-180.0 180.0   5.0 450.0                            LAT/LON1/LON2/DLON/H
   99   95   90   83   76   69   61   54   48   42   37   31   27   24   22   22
   24   27   31   36   41   45   49   52   55   57   60   64   70   77   83   89
   94   98  101  106  113  122  130  136  139  139  137  133  129  126  123  121
  120  118  117  115  113  111  110  109  108  108  108  107  105  101   96   90
   85   82   82   86   91   96   99  100   99
    47.5-180.0 180.0   5.0 450.0                            LAT/LON1/LON2/DLON/H
  100   97   93   88   82   76   70   64   58   51   45   38   31   26   22   21
   22   25   30   35   40   46   50   53   55   57   60   63   68   75   82   89
   95  101  107  114  123  132  141  147  150  149  146  141  136  132  129  127
  125  123  122  120  117  115  112  111  110  110  110  109  107  103   98   92
   87   83   83   86   91   96   99  101  100
    45.0-180.0 180.0   5.0 450.0                            LAT/LON1/LON2/DLON/H
   99   96   93   89   85   81   77   73   68   63   56   48   40   32   26   23
   24   27   31   37   42   48   52   56   58   59   60   62   66   72   80   88
   97  105  114  123  133  143  153  159  162  160  156  151  145  141  137  133
  131  129  126  123  120  116  113  111  110  109  108  107  106  104  100   96
   92   89   88   90   94   97   99  100   99
    42.5-180.0 180.0   5.0 450.0                            LAT/LON1/LON2/DLON/H
   96   94   91   88   86   84   82   80   78   74   69   61   51   42   34   30
   29   31   35   40   45   50   55   59   61   62   62   63   66   71   78   87
   98  110  121  132  143  154  164  170  173  172  168  163  157  152  147  143
  139  136  132  128  123  119  114  111  109  107  106  105  105  104  103  101
   99   98   98   99  100  101  100   99   96
    40.0-180.0 180.0   5.0 450.0                            LAT/LON1/LON2/DLON/H
   93   89   87   84   83   83   83   84   85   84   81   75   65   54   45   39
   37   38   40   44   48   53   58   62   65   66   66   66   68   71   78   88
  101  115  129  141  153  164  174  181  184  184  181  177  172  167  161  156
  151  147  142  137  131  125  120  116  112  109  107  105  106  107  108  109
  110  110  110  110  109  106  102   98   93
    37.5-180.0 180.0   5.0 450.0                            LAT/LON1/LON2/DLON/H
   90   85   81   79   79   80   82   85   89   91   91   87   78   68   58   51
   47   46   46   47   50   54   60   65   69   71   72   72   72   74   80   90
  105  121  136  150  161  172  181  189  194  196  195  193  190  185  179  173
  168  163  158  153  146  139  133  128  123  118  115  112  112  114  117  120
  122  124  124  122  118  111  104   96   90
    35.0-180.0 180.0   5.0 450.0                            LAT/LON1/LON2/DLON/H
   86   80   76   74   74   75   78   83   88   94   97   96   89   80   70   62
   57   53   51   50   51   54   60   66   72   76   78   78   78   79   84   94
  109  126  143  157  168  177  186  195  202  206  209  210  209  205  200  195
  190  186  182  176  169  162  155  149  143  137  132  128  126  127  130  133
  135  137  136  132  125  115  104   94   86
    32.5-180.0 180.0   5.0 450.0                            LAT/LON1/LON2/DLON/H
   82   76   72   69   69   70   73   78   85   92   98  100   96   89   79   71
   65   60   55   51   50   52   59   66   73   79   83   85   85   86   90   99
  114  132  148  161  171  180  189  198  207  215  221  225  226  225  222  218
  215  213  211  207  201  193  186  179  172  165  158  152  148  147  147  147
  148  147  145  139  129  116  102   91   82
    30.0-180.0 180.0   5.0 450.0                            LAT/LON1/LON2/DLON/H
   79   74   69   66   65   65   68   72   79   87   95   99   98   93   85   77
   70   63   56   50   48   50   57   65   74   81   87   90   92   93   96  105
  119  135  151  164  172  180  189  199  211  221  230  237  240  241  241  240
  240  242  243  241  236  229  221  213  206  198  190  183  177  171  167  162
  158  155  150  141  128  113   99   87   79
    27.5-180.0 180.0   5.0 450.0                            LAT/LON1/LON2/DLON/H
   77   72   68   65   63   63   65   68   73   81   89   94   96   92   85   78
   71   64   56   49   46   48   54   63   73   81   88   94   97   99  102  110
  122  137  152  164  172  179  188  200  213  225  236  244  250  253  255  258
  262  268  273  274  270  263  254  246  238  230  223  215  207  198  187  177
  167  159  151  140  125  108   94   83   77
    25.0-180.0 180.0   5.0 450.0                            LAT/LON1/LON2/DLON/H
   75   72   69   66   64   64   64   66   69   74   81   87   89   86   81   75
   68   62   54   47   44   46   53   62   71   79   87   95  100  103  107  113
  124  138  152  163  171  178  187  200  214  227  238  247  254  259  264  270
  278  288  296  299  297  289  280  271  263  256  250  244  235  223  207  189
  173  160  149  135  120  103   89   80   75
    22.5-180.0 180.0   5.0 450.0                            LAT/LON1/LON2/DLON/H
   75   74   71   68   67   66   66   66   67   69   73   78   80   78   73   68
   63   57   51   45   43   46   53   61   69   77   85   93  100  106  110  116
  125  138  151  163  171  179  188  201  215  228  238  247  253  260  266  274
  285  297  307  312  311  303  293  284  277  272  269  265  257  242  222  199
  177  160  146  131  115   99   86   78   75
    20.0-180.0 180.0   5.0 450.0                            LAT/LON1/LON2/DLON/H
   77   76   74   71   70   69   69   68   67   66   68   70   70   68   64   60
   56   52   48   44   43   47   53   61   68   75   82   91   99  107  112  118
  126  138  151  163  173  182  192  204  218  230  239  245  251  257  264  273
  284  296  306  312  311  303  293  284  277  276  276  276  270  255  232  205
  180  159  143  128  112   97   86   79   77
    17.5-180.0 180.0   5.0 450.0                            LAT/LON1/LON2/DLON/H
   80   79   76   73   72   72   73   71   68   65   64   63   62   60   56   52
   50   48   46   44   44   48   55   62   68   73   80   88   98  107  114  120
  128  139  153  166  177  187  197  210  222  233  240  245  249  254  259  266
  275  286  295  299  298  291  281  273  269  269  274  276  272  258  235  207
  180  159  142  128  113   99   89   83   80
    15.0-180.0 180.0   5.0 450.0                            LAT/LON1/LON2/DLON/H
   84   81   77   73   72   73   74   73   69   64   61   59   57   54   50   47
   46   45   45   44   46   50   56   62   68   73   79   87   97  107  116  123
  131  142  156  170  182  193  204  216  228  238  244  247  250  252  255  259
  264  270  276  279  278  272  263  257  255  258  265  270  267  254  232  205
  179  158  143  129  116  104   94   88   84
    12.5-180.0 180.0   5.0 450.0                            LAT/LON1/LON2/DLON/H
   87   82   76   71   70   71   72   72   68   64   59   57   54   51   47   45
   44   45   45   46   47   51   56   62   68   74   80   88   98  109  118  126
  135  146  160  175  188  199  210  222  234  244  249  252  252  253  253  252
  252  254  257  258  257  252  246  243  243  248  255  259  257  244  224  199
  176  158  144  132  121  110  101   93   87
    10.0-180.0 180.0   5.0 450.0                            LAT/LON1/LON2/DLON/H
   89   81   73   67   65   66   68   68   65   61   58   55   53   51   48   46
   46   46   47   48   49   51   55   61   68   75   82   90  100  111  121  130
  139  150  164  179  192  203  213  225  237  248  254  257  257  256  253  249
  244  242  241  242  241  239  236  236  238  243  248  249  244  231  212  191
  171  156  144  134  125  115  106   97   89
     7.5-180.0 180.0   5.0 450.0                            LAT/LON1/LON2/DLON/H
   88   78   69   62   59   59   61   61   60   57   55   53   53   52   51   50
   49   49   50   51   51   51   54   59   68   77   85   94  103  113  124  133
  143  154  167  181  193  202  212  224  237  248  256  260  261  259  255  248
  241  236  234  234  234  234  235  238  242  246  246  242  232  217  199  181
  165  151  141  132  125  117  109   99   88
     5.0-180.0 180.0   5.0 450.0                            LAT/LON1/LON2/DLON/H
   85   74   64   58   54   53   53   53   53   52   51   51   53   54   55   54
   53   53   53   54   53   51   51   56   66   77   88   97  105  115  125  135
  145  156  168  179  189  197  206  217  231  244  253  258  261  260  256  250
  242  237  235  236  237  239  243  248  253  254  249  238  222  204  186  171
  157  144  134  127  121  115  107   97   85
     2.5-180.0 180.0   5.0 450.0                            LAT/LON1/LON2/DLON/H
   80   69   60   54   50   48   47   47   46   46   46   48   51   55   57   57
   56   55   55   56   54   50   49   53   63   77   89   99  106  115  125  135
  145  155  165  174  182  188  195  206  219  232  243  250  254  256  254  250
  245  243  242  244  245  248  254  261  266  264  253  235  212  191  174  159
  147  135  125  117  112  108  101   92   80
